 &SRS
 SRSRUN=705061,SRSDAT=20180711,SRSTIM=111605,
 SRSSTN='BASE',SRSPRJ='GDA_BASE',SRSEXP='Emulator',
 SRSTLE='                                                            ',
 SRSCN1='        ',SRSCN2='        ',SRSCN3='        ',
<MetaDataAtStart>
cmd='scan gam -1.4 1.4 0.7 delta -11 -6 0.5 Waittime 1 pil3_100ks 0.5'
date='Wed Jul 11 11:15:52 2018'
kgam=    0
kdelta=    5
delta_offset=    0
kap=-127.79381
kphi=60.725
kth=52.73593
kmu=4.6462e-05
x=0.0000
y=0.0000
z=0.0000
Year=2018
Month= 7
Day=11
Hours=11
Minutes=15
Seconds=52
delta=5.00000
eta=0.0522
chi= 86.92992
phi= 8.04129
gam=0.00000
mu= 0.00005
h=0.0237
k=-0.0029
l=0.6685
psi=-43.356
en=8.0000
kphi=60.725
azih=0
azik=1
azil=0
beta=46.5507
delta_axis_offset=    0
UB11=0.15095
UB12=0.10497
UB13=0.00006
UB21=-0.10698
UB22=0.14807
UB23=0.00150
UB31=0.00180
UB32=-0.00271
UB33=0.08393
a=5.40470
b=5.50890
c=11.91300
alpha1=90.00000
alpha2=90.00000
alpha3=90.00000
rc=299.7190
idgap=7.0317
Uharmonic=7
s5xgap=  0.1
s5xtrans=-5e-05
s5ygap=  0.1
s5ytrans=-5e-05
s6xgap=    3
s6xtrans=1.2069
s6ygap=2.9998
s6ytrans=10.391
stokes=-0.00408
tthp=-0.35187
thp=1.3661
zp=-4.442
ppth=0.03922
ppx=16.040
ppy=6.016
ppchi=-0.010
sx=0.9525
sy=1.1953
sz=8.0369
sperp=1.0503
spara=1.1103
base_y=19.64
Base_z=-0.121
Base_z1=-0.121
Base_z2=-0.121
Base_z3=-0.121
table_horiz=20.120
table_vert=-7.046
Atten=255
Transmission=9.326e-12
diode_gain=0
ic1_gain=3
ic2_gain=4
m1pitch=3.8101
m1x=0.91021
m1y=-1.8767
m1roll=0.097832
m1yaw=0.42831
m1piezo=0.000
m2pitch=3.7929
m2x=12.82
m2y=2.8396
m2roll=0.45977
m2yaw=0.074885
m2bender=  330
m3x=-4.000
m4x=3.999
m3pitch=0.000
m4pitch=-0.000
s1xcentre=-0.001
s1xgap=2.498
s1ycentre=0.002
s1ygap=0.998
s2xcentre=-2.5e-05
s2xgap=20.002
s2ycentre=-0.0005
s2ygap=20.002
s3xcentre=4.4592
s3xgap=   25
s3ycentre=-0.15125
s3ygap=31.994
s4xcentre=-6.001
s4xgap=33.001
s4ycentre=0.0015
s4ygap=26.011
shtr3x=11.93
shtr3y=4.24
en=8.0000
bragg=-14.037
dcmpitch=-21.162
dcmfinepitch=0.03079
perp=0.42035
dcmlat=27.995
dcmroll1=38.715
dcmroll2=18.714
T1dcmSi111=109.20
T2dcmSi111=11.71
Tset=300.00
Ta=293.610000
Tb=294.371000
Tc=3.150000
Td=5.040000
m1y_offset=-15.459
m2y_offset=-21.742
base_z_offset=-13.703
ztable_offset=-20.628
m2_coating_offset=   11
idgap_offset=0.54141
p2x1=    0
p2y1= 46.1
p2ztop=    0
p2zbot=   10
p2rot=8.4735
s7xgap=3.0002
s7xtrans=0.0268
s7ygap=3.0002
s7ytrans=0.0002
en=8.0000
dettrans=-27.71
pilatus3_100k_path_template='705061-pilatus3_100k-files/%05d.tif'
</MetaDataAtStart>
 &END
gam	delta	Time	kphi	kap	kth	kmu	kdelta	kgam	delta_axis_offset	TimeSec	ic1monitor	rc	count_time	path	maxx	maxy	maxval	sum
-1.40000	-11.00000	  2.11	60.725	-127.79381	52.73593	4.2425e-05	-11.000	-1.4000	0	2976.173	608.157279	299.6428	0.500000	1	406	12	522	1760
-1.40000	-10.50000	  2.01	60.725	-127.79381	52.73593	4.6462e-05	-10.500	-1.4000	0	2979.548	608.157279	299.6176	0.500000	2	370	11	649	1761
-1.40000	-10.00000	  2.12	60.725	-127.79381	52.73593	4.6462e-05	-10.000	-1.4000	0	2983.176	608.230547	299.5969	0.500000	3	334	11	676	1832
-1.40000	-9.50000	  2.01	60.725	-127.79381	52.73593	4.6462e-05	-9.5000	-1.4000	0	2986.573	608.022954	299.5754	0.500000	4	297	10	667	1864
-1.40000	-9.00000	  2.01	60.725	-127.79381	52.73593	4.6462e-05	-9.0000	-1.4000	0	2990.207	608.022954	299.5519	0.500000	5	259	10	619	1812
-1.40000	-8.50000	  2.00	60.725	-127.79381	52.73593	4.6462e-05	-8.5000	-1.4000	0	2993.794	608.044323	299.5344	0.500000	6	222	9	478	1790
-1.40000	-8.00000	  2.01	60.725	-127.79381	52.73593	4.6462e-05	-8.0000	-1.4000	0	2997.311	607.913049	299.5120	0.500000	7	184	9	558	1893
-1.40000	-7.50000	  2.01	60.725	-127.79381	52.73593	5.0499e-05	-7.5000	-1.4000	0	3000.932	608.050426	299.4907	0.500000	8	145	8	459	1808
-1.40000	-7.00000	  2.01	60.725	-127.79381	52.73593	5.0499e-05	-7.0000	-1.4000	0	3004.448	607.937470	299.4684	0.500000	9	105	8	661	1886
-1.40000	-6.50000	  2.14	60.725	-127.79381	52.73593	4.6462e-05	-6.5000	-1.4000	0	3008.175	607.855043	299.4520	0.500000	10	65	7	399	1754
-1.40000	-6.00000	  2.00	60.725	-127.79381	52.73593	4.6462e-05	-6.0000	-1.4000	0	3011.671	607.751246	299.4262	0.500000	11	25	7	720	1982
-0.70000	-11.00000	  2.01	60.725	-127.79381	52.73593	4.6462e-05	-11.000	-0.70000	0	3018.620	607.616921	299.3831	0.500000	12	406	53	696	1818
-0.70000	-10.50000	  2.08	60.725	-127.79381	52.73593	4.6462e-05	-10.500	-0.70000	0	3022.176	607.687137	299.3623	0.500000	13	370	53	686	1778
-0.70000	-10.00000	  2.01	60.725	-127.79381	52.73593	4.6462e-05	-10.000	-0.70000	0	3025.655	607.644398	299.3396	0.500000	14	334	53	717	1881
-0.70000	-9.50000	  2.01	60.725	-127.79381	52.73593	4.6462e-05	-9.5000	-0.70000	0	3029.176	607.577233	299.3188	0.500000	15	297	53	605	1775
-0.70000	-9.00000	  2.01	60.725	-127.79381	52.73593	4.6462e-05	-9.0000	-0.70000	0	3032.665	607.525335	299.2975	0.500000	16	260	52	474	1756
-0.70000	-8.50000	  2.01	60.725	-127.79381	52.73593	5.0499e-05	-8.5000	-0.70000	0	3036.176	607.409322	299.2709	0.500000	17	222	52	601	1804
-0.70000	-8.00000	  2.01	60.725	-127.79381	52.73593	4.6462e-05	-8.0000	-0.70000	0	3039.549	607.485647	299.2512	0.500000	18	184	52	590	1814
-0.70000	-7.50000	  2.11	60.725	-127.79381	52.73593	4.6462e-05	-7.5000	-0.70000	0	3043.175	607.482595	299.2257	0.500000	19	145	52	657	1872
-0.70000	-7.00000	  2.01	60.725	-127.79381	52.73593	4.6462e-05	-7.0000	-0.70000	0	3046.797	607.409322	299.2009	0.500000	20	105	52	556	1868
-0.70000	-6.50000	  2.01	60.725	-127.79381	52.73593	4.6462e-05	-6.5000	-0.70000	0	3050.312	607.421538	299.1766	0.500000	21	65	52	409	1828
-0.70000	-6.00000	  2.01	60.725	-127.79381	52.73593	4.6462e-05	-6.0000	-0.70000	0	3053.787	607.409322	299.1558	0.500000	22	25	51	581	1863
0.00000	-11.00000	  2.00	60.725	-127.79381	52.73593	4.6462e-05	-11.000	0.0000	0	3060.610	607.381850	299.1114	0.500000	23	406	95	614	1829
0.00000	-10.50000	  2.10	60.725	-127.79381	52.73593	4.2425e-05	-10.500	0.0000	0	3064.175	607.317736	299.0885	0.500000	24	370	95	666	1825
0.00000	-10.00000	  2.01	60.725	-127.79381	52.73593	4.6462e-05	-10.000	0.0000	0	3067.725	607.336054	299.0649	0.500000	25	334	95	734	1856
0.00000	-9.50000	  2.01	60.725	-127.79381	52.73593	4.6462e-05	-9.5000	0.0000	0	3071.188	607.238365	299.0384	0.500000	26	297	95	721	1817
0.00000	-9.00000	  2.01	60.725	-127.79381	52.73593	4.6462e-05	-9.0000	0.0000	0	3074.756	607.342162	299.0126	0.500000	27	260	95	765	1858
0.00000	-8.50000	  2.01	60.725	-127.79381	52.73593	4.2425e-05	-8.5000	0.0000	0	3078.378	607.171200	298.9849	0.500000	28	222	95	692	1919
0.00000	-8.00000	  2.01	60.725	-127.79381	52.73593	4.6462e-05	-8.0000	0.0000	0	3081.827	606.887282	298.9597	0.500000	29	184	95	589	1736
0.00000	-7.50000	  2.01	60.725	-127.79381	52.73593	4.6462e-05	-7.5000	0.0000	0	3085.338	607.100983	298.9297	0.500000	30	145	95	576	1818
0.00000	-7.00000	  2.00	60.725	-127.79381	52.73593	5.0499e-05	-7.0000	0.0000	0	3088.718	607.018556	298.9068	0.500000	31	105	95	460	1809
0.00000	-6.50000	  2.01	60.725	-127.79381	52.73593	4.6462e-05	-6.5000	0.0000	0	3092.240	606.862861	298.8807	0.500000	32	66	95	451	1867
0.00000	-6.00000	  2.00	60.725	-127.79381	52.73593	4.6462e-05	-6.0000	0.0000	0	3095.721	606.923918	298.8588	0.500000	33	25	95	356	1845
0.70000	-11.00000	  2.01	60.725	-127.79381	52.73593	4.6462e-05	-11.000	0.70000	0	3102.561	606.777378	298.8151	0.500000	34	407	136	577	1768
0.70000	-10.50000	  2.01	60.725	-127.79382	52.73593	4.6462e-05	-10.500	0.70000	0	3106.190	606.875072	298.7921	0.500000	35	370	137	527	1750
0.70000	-10.00000	  2.01	60.725	-127.79381	52.73593	4.6462e-05	-10.000	0.70000	0	3109.560	606.826225	298.7701	0.500000	36	334	137	708	1774
0.70000	-9.50000	  2.12	60.725	-127.79381	52.73593	4.6462e-05	-9.5000	0.70000	0	3113.174	606.661370	298.7429	0.500000	37	297	137	594	1803
0.70000	-9.00000	  2.00	60.725	-127.79381	52.73593	4.6462e-05	-9.0000	0.70000	0	3116.567	606.551466	298.7188	0.500000	38	260	138	616	1841
0.70000	-8.50000	  2.03	60.725	-127.79381	52.73593	4.6462e-05	-8.5000	0.70000	0	3120.173	606.356083	298.6967	0.500000	39	222	138	729	1924
0.70000	-8.00000	  2.01	60.725	-127.79381	52.73593	4.6462e-05	-8.0000	0.70000	0	3123.537	606.527045	298.6752	0.500000	40	184	138	568	1771
0.70000	-7.50000	  2.01	60.725	-127.79381	52.73593	4.6462e-05	-7.5000	0.70000	0	3126.931	606.646103	298.6532	0.500000	41	145	139	615	1787
0.70000	-7.00000	  2.01	60.725	-127.79381	52.73593	4.2425e-05	-7.0000	0.70000	0	3130.448	606.417140	298.6293	0.500000	42	106	139	584	1767
0.70000	-6.50000	  2.01	60.725	-127.79381	52.73593	4.2425e-05	-6.5000	0.70000	0	3133.821	606.224808	298.6103	0.500000	43	66	139	483	1866
0.70000	-6.00000	  2.00	60.725	-127.79381	52.73593	4.6462e-05	-6.0000	0.70000	0	3137.450	606.267548	298.5885	0.500000	44	25	140	601	1873
1.40000	-11.00000	  2.01	60.725	-127.79381	52.73593	4.6462e-05	-11.000	1.4000	0	3144.407	606.179018	298.5451	0.500000	45	407	178	616	1778
1.40000	-10.50000	  2.01	60.725	-127.79381	52.73593	4.6462e-05	-10.500	1.4000	0	3147.773	606.093534	298.5263	0.500000	46	371	178	497	1746
1.40000	-10.00000	  2.00	60.725	-127.79381	52.73593	4.6462e-05	-10.000	1.4000	0	3151.165	606.215649	298.5046	0.500000	47	334	179	713	1774
1.40000	-9.50000	  2.01	60.725	-127.79381	52.73593	4.6462e-05	-9.5000	1.4000	0	3154.554	606.212598	298.4854	0.500000	48	297	180	521	1742
1.40000	-9.00000	  2.01	60.725	-127.79381	52.73593	4.6462e-05	-9.0000	1.4000	0	3157.930	606.148489	298.4687	0.500000	49	260	180	660	1856
1.40000	-8.50000	  2.01	60.725	-127.79381	52.73593	4.6462e-05	-8.5000	1.4000	0	3161.332	606.163751	298.4459	0.500000	50	222	181	649	1805
1.40000	-8.00000	  2.01	60.725	-127.79381	52.73593	5.0499e-05	-8.0000	1.4000	0	3164.735	606.145433	298.4247	0.500000	51	184	182	497	1749
1.40000	-7.50000	  2.08	60.725	-127.79381	52.73593	4.2425e-05	-7.5000	1.4000	0	3168.175	605.968368	298.4037	0.500000	52	145	182	689	1920
1.40000	-7.00000	  2.01	60.725	-127.79381	52.73593	4.6462e-05	-7.0000	1.4000	0	3171.704	606.047744	298.3812	0.500000	53	106	183	630	1784
1.40000	-6.50000	  2.09	60.725	-127.79381	52.73593	4.6462e-05	-6.5000	1.4000	0	3175.175	606.038584	298.3607	0.500000	54	66	184	489	1717
1.40000	-6.00000	  2.01	60.725	-127.79381	52.73593	4.6462e-05	-6.0000	1.4000	0	3178.794	605.953101	298.3386	0.500000	55	25	184	522	1891
